4294967278,179
4294967279,179
4294967279,74
4294967279,69
4294967279,62
4294967278,302
4294967279,178
4294967278,177
4294967279,177
4294967278,176
4294967279,111
4294967279,110
4294967279,109
4294967279,108
4294967279,107
4294967279,106
4294967279,105
4294967279,104
4294967279,103
4294967279,102
4294967279,101
4294967279,100
4294967279,99
4294967279,98
4294967279,97
4294967279,96
4294967279,95
4294967279,94
4294967279,93
4294967279,92
4294967279,91
4294967279,90
4294967279,89
4294967279,87
4294967279,86
4294967279,85
4294967279,84
4294967279,83
4294967279,82
4294967279,81
4294967279,80
4294967279,79
4294967279,78
4294967279,77
4294967279,76
4294967279,75
4294967279,60
4294967279,59
4294967279,58
4294967279,53
4294967279,52
4294967279,50
4294967279,49
4294967279,88
4294967279,260
4294967279,296
4294967278,381
4294967278,172
4294967278,171
4294967279,170
4294967279,169
4294967278,167
4294967279,167
4294967278,166
4294967279,166
4294967278,165
4294967279,165
4294967278,163
4294967278,162
4294967278,161
4294967279,161
4294967278,159
4294967278,158
4294967278,157
4294967278,340
4294967278,154
4294967294,437
4294967278,153
4294967279,152
4294967278,152
4294967278,151
4294967279,531
4294967278,338
4294967279,572
4294967278,337
4294967278,142
4294967279,143
56,4
4294967278,143
56,3
56,2
56,1
4294967278,334
4294967279,142
4294967278,141
4294967278,380
4294967278,138
4294967279,284
4294967278,135
4294967279,571
4294967278,134
4294967279,133
4294967278,133
4294967278,379
4294967279,271
4294967279,268
4294967278,276
4294967279,270
4294967279,277
4294967279,279
54,5
4294967278,274
54,4
54,3
54,2
54,1
4294967278,273
4294967279,265
4294967278,269
4294967279,264
4294967278,268
4294967279,263
4294967278,267
4294967279,262
4294967278,281
4294967279,261
4294967278,265
52,4
4294967279,275
52,3
52,2
52,1
4294967279,570
4294967278,331
4294967279,258
4294967278,264
4294967279,255
4294967278,263
4294967279,274
4294967278,262
51,6
4294967278,258
4294967294,385
4294967294,167
4294967294,391
4294967294,459
4294967294,455
4294967294,191
4294967279,281
4294967278,259
4294967279,253
51,5
4294967278,257
4294967279,525
51,4
51,3
51,2
51,1
4294967279,523
4294967278,329
4294967279,519
4294967278,328
4294967278,327
50,5
4294967279,518
50,4
50,3
50,2
50,1
4294967278,251
4294967278,250
4294967279,248
4294967278,244
4294967279,569
4294967278,247
49,5
4294967278,240
49,4
49,3
49,2
49,1
4294967278,238
4294967279,237
4294967279,235
4294967278,234
4294967279,233
48,4
4294967278,232
48,3
48,2
48,1
4294967278,231
4294967279,231
4294967278,230
4294967279,568
4294967278,252
4294967278,223
4294967278,221
4294967279,220
4294967278,219
4294967279,218
4294967278,215
4294967278,217
4294967279,216
4294967279,514
4294967278,37
4294967278,36
4294967278,35
4294967278,34
4294967278,33
4294967278,32
4294967278,31
4294967278,30
4294967278,29
4294967278,28
4294967278,27
4294967278,26
4294967278,25
4294967278,24
4294967278,23
4294967278,22
4294967278,21
4294967278,20
4294967278,19
4294967278,18
4294967278,17
4294967278,16
4294967278,15
4294967278,14
4294967278,13
4294967278,12
4294967278,11
4294967278,10
4294967278,9
4294967278,8
4294967278,7
4294967278,6
4294967278,5
4294967278,4
4294967279,132
4294967279,131
4294967279,130
4294967279,129
4294967279,128
4294967279,127
4294967279,126
4294967279,125
4294967279,124
4294967279,123
4294967279,122
4294967279,121
4294967279,120
4294967279,119
4294967279,118
4294967279,117
4294967279,116
4294967279,115
4294967279,114
4294967279,113
4294967279,112
4294967279,22
4294967279,19
4294967279,18
4294967279,16
4294967279,13
4294967279,11
4294967278,213
4294967278,212
4294967278,211
4294967278,210
4294967278,206
4294967278,321
4294967279,196
4294967278,197
47,4
47,3
47,2
47,1
4294967279,314
4294967278,196
4294967279,567
4294967279,309
4294967278,312
4294967279,307
4294967278,310
4294967278,183
45,5
45,4
45,2
45,1
4294967278,305
4294967279,298
4294967294,1008
4294967294,421
4294967294,190
4294967294,1091
4294967294,1093
4294967294,1011
4294967294,1013
43,4
43,3
43,2
43,1
4294967278,378
4294967279,172
4294967278,377
42,6
4294967294,396
4294967294,395
4294967294,187
4294967294,399
4294967294,1172
4294967294,420
4294967294,179
4294967294,183
4294967294,398
4294967294,457
4294967294,465
4294967294,175
4294967294,119
4294967294,448
4294967279,566
4294967279,565
42,5
42,4
42,3
42,2
42,1
4294967278,298
4294967294,1101
4294967294,1095
4294967279,294
4294967278,297
4294967278,296
41,5
4294967278,376
4294967279,564
41,4
41,3
41,2
41,1
4294967279,156
4294967279,563
4294967279,562
40,5
40,4
40,3
40,2
40,1
4294967278,294
4294967279,561
39,4
39,3
39,2
39,1
4294967279,289
4294967278,293
4294967279,288
4294967278,260
4294967279,272
4294967279,137
38,6
4294967294,392
4294967279,285
4294967278,290
4294967278,375
38,5
38,4
38,3
38,2
38,1
4294967279,269
4294967278,284
4294967278,286
4294967279,560
4294967279,278
37,5
37,4
37,3
37,2
37,1
4294967278,374
4294967278,280
36,5
36,4
36,3
36,2
36,1
4294967294,388
4294967294,387
35,4
35,3
35,2
35,1
4294967294,468
4294967278,373
4294967294,390
4294967294,1001
4294967294,186
